a: -1.0, b: 3.0, c: 4.0, DELTA: 25.0
x0: 4.0, x1: -1.0
---
a: 5.0, b: -10.0, c: 4.0, DELTA: 20.0
x0: 0.552786404500042, x1: 1.4472135954999579
---
