a: -1.0, b: 3.0, c: 4.0, DELTA: 25.0
x0: 4.0, x1: -1.0
---
a: 5.0, b: -10.0, c: 4.0, DELTA: 20.0
x0: 0.552786404500042, x1: 1.4472135954999579
---
a: -100.0, b: 200.0, c: 10000.0, DELTA: 4040000.0
x0: 11.049875621120892, x1: -9.04987562112089
---
a: -10.0, b: 6.0, c: 8.0, DELTA: 356.0
x0: 1.2433981132056604, x1: -0.6433981132056603
---
